249 0 15 26 66 86 138 184 231
256 0 9 10 31 41 49 51 66 68 75 97 107 127 133 135 138 192 193 195 238
257 0 9 10 51 75 133 135 195
258 0 116 136 174 190 238
261 0 5 141 143 209
267 0 4 7 15 18 22 26 29 31 32 40 41 52 54 58 62 63 65 66 68 81 88 89 94 97 98 99 104 106 111 124 135 138 139 172 182 197 206 212 217 221 226 235 236 238
272 0 2 100 111 212 241
275 0 40 44 82 161 237
282 0 7 20 31 52 59 66 88 89 97 98 116 125 136 138 141 148 156 172 174 181 189 190 210
283 0 31 66 89 97 116 138 141 189 203 210
284 0 15 40 53 76 92 97 101 111 124 182 241 243
290 0 106 138 197 221
291 0 66 68 69 97 100 220 241
292 0 2 5 7 40 42 44 82 161 220
296 0 49 75 107 127 133 135 142
297 0 5 40 42 82 245
300 0 9 10 28 71 75 192 248
303 0 5 54 62 112 116 121 125 141 143 153 209 227
304 0 31 62 66 82 85 124 126 182 220
307 0 2 5 8 9 10 14 17 18 20 22 35 39 44 49 53 54 55 60 65 67 68 69 71 73 75 82 90 91 94 96 112 113 114 115 119 140 141 143 153 158 174 180 182 184 188 194 198 202 205 209 210 211 215 216 218 219 220 223 236 237 241 242 243 244 245 248
313 0 31 76 82 97 104 106 111 201
318 0 2 15 86 104 111 124 192
322 0 53 68 212 220
323 0 5 44 68 141 153 203 209
327 0 2 5 7 31 44 52 66 68 88 90 97 98 109 111 116 138 148 156 172 180 212 220 233 241
330 0 5 40 62 82 95 96 112 119 182 201 204
333 0 42 78 82 86 112 124 126 141 143 153 166 204
335 0 2 7 19 31 52 66 68 69 88 89 97 98 100 111 133 135 138 211 212 221 226 233 237 241 242
337 0 2 182 218 220
341 0 2 22 68 111 212 220 241
342 0 7 31 41 52 66 68 88 97 138 172
343 0 51 133 135 195
345 0 34 40 62 181 204
347 0 4 5 42 53 190 191 235
350 0 2 7 31 52 66 68 88 94 97 98 138 172 211 221
354 0 14 58 82 89 157 204 245
355 0 5 25 40 42 62 63 89 99 139 161 175 182 184 204
361 0 2 68 100 111 212 220 241
363 0 51 63 65 81 139 167 188 217
365 0 51 116 141 179 181 189 190 220 238
368 0 107 135 136 239
370 0 14 58 108 157 182
375 0 2 5 31 52 66 68 82 97 162 172 217 220
376 0 2 42 44 82 127 156 184 213 245
378 0 22 54 93 114
381 0 2 22 66 68 111 135 183 220 241
382 0 2 15 19 31 53 68 97 100 111 202 211 212 220 241 247
386 0 5 16 18 20 25 31 40 42 44 89 99 125 138 139 161 182 184 204 221 236 237
387 0 77 90 109 116 141 148 156 180 203 209 233
391 0 51 133 135 147 192 193 214 220
392 0 51 147 192 214
395 0 2 7 22 31 53 66 68 100 111 212 220 241 247
396 0 63 116 172 181 221
401 0 2 7 41 53 68 97 100 111 202 205 211 212 220 233 241 242
406 0 49 107 135 136 194 239
408 0 2 59 116 174 180 190 205
413 0 97 106 138 197 220
416 0 16 31 34 40 62 66 82 84 86 97 99 139 182 204 217
423 0 146 147 192 220
424 0 5 95 116 141 143 156 209 233
425 0 136 148 174 189 190
426 0 15 68 104 124 138
428 0 58 63 139 212
434 0 27 41 122 154 163
435 0 22 55 63 65 76 81 82 97 99 111 130 139 167 213 217 221
436 0 19 97 133 135 138 237
438 0 5 112 143 148 162
440 0 18 40 44 53 54 57 75 82 91 101 114 120 139 169 180 202 211 213 215 218 222 236 248
444 0 39 53 68 220 241
446 0 2 31 53 69 73 97 100 111 202 211 212 220 221 241
447 0 147 192 193 214 220
450 0 2 5 41 67 99 133 135 153 174 211 218
451 0 51 135 142 192
452 0 5 116 141 148 156 180 227
456 0 7 31 52 66 68 88 97 116 138 148 172
459 0 2 5 15 29 31 34 40 42 44 54 58 62 66 67 70 76 82 87 89 93 96 99 101 104 110 114 116 119 124 127 139 143 151 156 167 172 174 175 180 181 184 188 190 191 198 202 203 204 205 209 217 218 222 224 227 241 245
460 0 59 136 174 180 181 189 190 239
465 0 14 15 40 42 82 97 99 104 106 138 188 217 221 245
467 0 26 58 108 157
469 0 2 7 68 111 198 203 205 216 220 241
473 0 34 40 44 70 82 95 124 161 181 204 220 245
475 0 2 55 89 111 206 212 220 226 241
476 0 58 65 81 99 138 139 188 238
477 0 26 58 62 81 97 106 108 138 204 217 221
479 0 49 107 133 135 194
480 0 2 65 107 110 142 232
482 0 44 60 75 82 107 135 139 142 182 245 248
483 0 2 5 41 44 67 85 94 112 141 143 148 153 162 180 209 210 218 242
485 0 49 55 107 127 135
486 0 20 29 31 60 66 68 89 94 218 220 222 226
489 0 22 53 73 130 176 243
490 0 5 116 148 156 172 180 233
491 0 35 68 97 98 111 138 212 241
492 0 22 182 184 204
495 0 2 5 41 60 116 141 143 153 209
497 0 55 63 65 81 111 138 139 188 198 241
498 0 2 5 44 48 82 112 116 121 125 141 143 153 166 203 209
499 0 40 42 62 82 84 99 112 124 157 204
503 0 65 107 139 190
504 0 14 15 40 53 66 73 78 82 84 85 86 107 108 111 124 138 157 184
506 0 2 15 78 86 93 184
507 0 25 59 116 136 148 174 190 239 248
510 0 31 78 86 97 138 220
511 0 2 5 20 44 55 58 67 68 82 93 95 119 143 184 198 203 217
515 0 2 7 31 52 66 68 88 97 98 116 138 172 180 233
521 0 18 19 31 52 55 63 65 66 68 81 82 88 97 98 99 138 172 182 188 220 222 237 244
522 0 66 136 148 174 190 219
523 0 2 34 40 42 58 62 82 84 86 91 93 112 124 184 204
525 0 5 14 20 68 124 211
526 0 2 34 40 62 82 95 99 181 182 204 238
527 0 5 22 39 40 44 58 60 62 63 66 68 75 76 82 93 95 97 101 112 116 139 143 180 184 190 202 204 205 206 210 215 218 222 224 236 241 244 248
531 0 2 22 96 138 220
533 0 2 66 89 97 98 125 220 236
535 0 2 7 31 44 52 66 68 88 97 98 138 153 172 203 220 241
540 0 22 136 212 220
544 0 49 51 107 127 133 135 142
546 0 59 174 180 189 190 239 248
547 0 2 7 15 29 31 40 52 62 66 68 82 85 88 97 98 100 111 133 135 138 172 211 212 215 226 241
551 0 31 68 97 98 111 138 212 220 241
552 0 2 31 44 97 100 111 212 220 241
555 0 135 174 189 190 205
556 0 90 109 116 136 140 141 148 151 174 180 181 189 190 210 233 239
557 0 2 4 7 14 15 20 22 26 29 31 40 42 52 53 55 58 62 63 65 66 68 76 82 83 84 85 86 88 89 93 94 97 98 99 100 104 106 111 116 124 125 130 135 138 139 141 148 157 162 166 172 174 175 182 184 188 192 197 204 206 208 211 212 217 218 220 221 226 233 235 236 237 238 241 243 245
559 0 2 29 31 52 66 68 83 94 97 98 133 138
562 0 22 35 68 98 104 212 226 241
563 0 40 65 81 99 139 167
564 0 97 98 107 133 135 138
566 0 19 133 135 142
568 0 31 68 97 162 209 212
573 0 2 7 31 52 66 97 138 172 220
574 0 5 41 116 203
576 0 22 51 68 71 97 133 192 212 226 241
578 0 18 40 42 44 63 68 79 99 111 116 139 140 167 188 198 217 220 247
581 0 2 5 97 112 124 131 143 148 153 180 203 209 211 212 220 241 242
583 0 2 52 66 162 170
585 0 44 63 116 220 221
588 0 97 162 211 212
590 0 2 7 15 22 31 52 66 68 69 76 82 88 89 97 98 100 111 124 138 143 172 192 220 241 243
591 0 28 71 192 193 226
592 0 2 5 20 40 44 82 89 114 125 141 143 153 180 182 188 198 203 209 218 224 236
593 0 62 106 126 197
596 0 31 42 44 55 62 82 89 92 95 106 181 184 197 204
598 0 40 63 66 82 139 167 198
599 0 14 31 34 62 67 82 86 92 93 95 97 106 108 124 126 143 157 158 182 184 245
604 0 18 62 82 101 112 114 175 205
615 2 5 9 31 41 44 67 88 89 93 111 143 153 154 162 166 169 170 180 202 203 209 226 241 243
624 2 111 162 212 220 241
628 2 5 22 53 68 82 112 114 162 182 203 205 211 220 241 242
636 2 22 53 111 162 202 205
661 2 22 162 220 241
682 2 22 40 143 182 205 217 220
688 2 111 212 220 241
697 2 52 88 161 182 220 237 243
708 2 110 162 182 211 220
714 2 100 111 220 241
728 2 68 111 220 241
730 5 40 58 91 116 141 153 209 212
742 2 5 15 22 54 67 68 82 102 111 112 141 153 162 202 203 205 212 220 241 244
756 2 53 68 205 212 220 241
792 2 17 22 205 220
808 2 18 22 63 65 96 111 188 198 220 241
845 2 22 111 220 241
854 2 5 18 22 52 53 54 67 68 88 96 111 112 114 153 154 162 188 202 203 205 211 212 220 236 242
865 2 5 44 182 220
872 68 111 212 220 241
914 2 40 48 124 143 182 220
918 2 5 9 10 22 67 82 158 182 198 202 211 220 241 242
930 2 60 153 218 220
947 29 66 68 206 220 226
956 2 5 22 41 53 54 88 153 203 209 211 212 220 241 242
1010 2 17 22 68 111 119 212 220 222 241
1019 68 82 119 188 220 222 245
1060 2 5 22 53 68 73 111 212 220 241
1071 2 97 182 220 241
1075 2 22 53 111 205 211 220 241 242 244 247
1108 2 66 68 88 97 111 174 203 205 220 221
1149 2 5 18 22 41 44 52 53 54 68 96 107 111 112 131 141 143 153 154 158 162 180 203 210 211 212 218 220 242 248
1174 2 5 9 22 53 55 67 68 82 96 114 119 162 215 218 220 245
1185 2 34 40 42 62 84 93 124 126 181 182 184 204
1186 5 41 44 82 141 143 153 203 209 245
1194 63 139 167 188 211 212 217 220
1201 2 5 22 53 67 68 82 111 115 153 158 182 188 202 205 211 212 218 220 241
1218 57 184 211 220 247
1269 2 66 97 162 212 220 242
1307 2 22 53 111 220 241
1324 2 22 53 67 68 212 220 241 244
1335 2 22 68 100 111 211 212 220 241
1376 2 15 52 53 68 98 111 205 211 212 220 241
1394 2 22 31 67 104 205 211 220 241
1405 2 5 18 75 119 221
1432 2 27 41 162 163 211 220
1440 2 97 111 205 220 241
1450 2 5 95 110 114 143 153 184 204 205 209 224 236 244
1453 2 15 18 40 67 82 124 217
1465 2 63 111 139 188 217
1485 2 5 31 67 127
1499 2 5 41 116 153 203
1542 2 125 211 212 218 220 241
1543 2 32 153 211 220
1545 2 5 31 44 67 116 125 141 143 153 203 209 220
1552 2 32 111 212 241
1557 2 18 44 63 198 244
1562 2 18 82 119 176 182
1567 2 40 82 96 108
1584 2 14 62 82 92 157
1611 2 5 44 82 135 141 174 190
1618 2 22 111 220 241
1639 2 18 198 244 248
1657 2 44 82 119 128 203
1665 2 5 40 116 184
1682 2 55 95 213 220
1702 2 44 101 116 133
1727 2 5 44 153 209
1748 2 44 82 119 241 245
1762 2 18 82 97 198 220 244
1769 2 124 153 203 209
1779 2 67 88 96 111 169 170 243
1802 2 44 82 184 245
1817 2 18 65 82 188 244
1833 2 18 63 82 139 198 244
1859 2 22 111 220 241
1874 2 206 212 226 241
1899 2 34 82 96 215
1900 2 18 58 82 181 217 242
1920 2 18 20 22 114 211 220 224 241
1930 2 82 119 125 180 215 248
1941 2 5 18 153 188 203
1948 2 5 29 94 127 182 203 220 236 241
1960 2 82 139 143 220
1967 2 44 188 209 220
1985 2 20 58 66 77 89 97 125 226 236
2000 2 5 20 40 44 67 125 236
2009 2 5 44 67 82 95 96 101 127 182 205 209 215 218
2028 2 44 82 153 205
2039 2 53 68 84 91 111 203 220 243 245
2070 2 67 71 112 119 211 244
2073 2 5 44 82 142 153 182 203 205
2081 2 44 82 93 139 143 204 215
2089 2 40 63 97 114 124 139 140 198 217 237 244 248
2096 2 5 44 82 220
2112 2 27 143 153 154 212
2142 2 5 89 125 203 209 215 236
2169 2 22 31 40 44 67 82 99 112 114 120 143 182 184
2195 2 13 40 44 67 161
2196 2 114 198 224 244
2224 2 20 67 209 220
2227 2 44 101 127 215
2240 2 34 40 82 119 161 182 209 218
2244 2 44 82 93 95 96 184 220
2249 2 5 29 31 55 60 82 184 188 218 238 245
2255 2 5 31 44 82 93 95 116 136 143 184 190 204 205 209 217 221
2303 2 18 63 65 82 99 139 188
2313 2 154 162 218 220 236
2315 2 5 44 54 65 68 112 125 135 141 143 148 153 180 202 203 209 210 211 237
2319 2 32 143 162 211 212 220 226 242
2350 2 82 84 86 93 135 245
2378 2 5 18 44 82 114 143 198
2401 2 5 18 20 31 40 42 44 57 66 97 125 139 161 182 188 204 215 217 238 247
2414 2 44 82 84 157 182
2434 2 5 44 67 82 96 101 114 119 140 141 153 180 188 205 215 218 222 245
2552 49 107 135 220 248
2714 5 89 125 143 220 236
2779 26 63 139 182 188
3070 27 41 154 163 220
3229 66 68 89 125 139 236 244
3237 63 97 139 198 237
3541 4 5 82 96 182 184 191 245
3554 5 89 116 141 203
3557 5 54 112 141 143 202 203 209 211 212
3559 5 89 125 153 209
3571 5 41 44 112 141 143 153 203 209
3574 5 116 148 156 233
3578 5 40 42 44 55 67 75 82 93 95 99 101 120 161 184 204 237
3584 5 32 44 83 112 143 153 156 162 166 203 209
3598 5 40 42 48 114 125 236
3602 5 34 40 63 161
3643 5 40 153 203 209
3661 5 20 66 89 125 236
3665 5 141 172 180 203
3673 5 82 114 125 143 153 209 218 236 245
3675 5 82 89 95 97 125 162 209
3679 5 93 101 143 161
3682 5 54 112 153 203 209 220
3684 5 141 180 209 220
3691 5 77 116 141 148 153 209
3694 5 141 143 153 209
3715 5 116 141 143 153 203 209
3736 5 77 116 148 156 203 233
3738 5 95 184 202 204 213
3756 5 31 63 66 97 139 188 241
3771 5 68 125 206 220
3774 5 77 82 139 161
3776 5 31 40 77 121 143
3791 5 44 153 203 220
3817 5 18 116 121 141 143 153 156 172 180 203 209 240
3818 5 77 89 116 141
3819 5 116 156 172 180 203 209 220
3824 5 20 143 153 172 203 209
3827 5 29 54 68 141 153 203 209
3830 5 44 82 125 143 205
3834 5 162 171 220 236
3835 5 54 116 141 143 156 180 209 227
3836 5 112 141 143 153 162 211
3837 5 109 116 141 143 148 156 180 233
3843 5 44 54 116 141 148 153 203
3847 5 40 42 79 143 209
3864 5 109 116 156 209 233 240
3869 5 143 153 203 209
3870 5 41 44 112 141 143 153 203 209 211 220
3887 5 141 143 153 203 209 218
3904 5 116 141 143 148 153 203 209
3908 5 116 121 141 153 166 180 184 209
3910 5 20 44 89 125
3914 5 67 148 153 209
3930 5 41 77 97 143 209 220
3936 5 66 89 125 184 236
3942 5 44 82 108 182 184 204
3965 5 41 116 156 203
3967 5 112 116 141 143 148 153 209 233
3973 5 20 66 82 89 125 236
3977 5 18 20 66 82 89 209
3981 5 116 153 209 233 242
3985 5 44 153 208 209
3988 5 41 44 88 141 143 156 203 209
3992 5 62 77 116 203 209
3996 5 40 62 82 108 167 175 204 217 245
4001 5 205 211 220 241
4008 5 116 119 143 172 180 209 227
4015 5 116 143 153 203 209 220
4020 5 116 125 172 203
4045 5 54 77 104 116 156
4065 5 141 203 209 211
4066 5 89 116 125 148 233 236
4068 5 15 40 42 82 245
4072 5 66 89 125 236
4078 5 127 153 202 209 220 241
4090 5 40 55 95 161 184 204 213
4092 5 41 148 153 203
4103 5 77 82 83 89 95 104 109 112 116 121 141 148 156 182 203 209 220 236
4104 5 54 77 116 121 143 148 156 209
4110 5 82 93 143 153 203 209
4137 5 8 16 66 82 87 89 119 198 203
4146 5 143 153 180 209
4163 5 62 93 95 97 204
4165 5 31 52 141 153 203 209
4170 5 40 44 93 99 119 204 209 221
4177 5 41 44 112 116 141 143 148 153 180 203 209
4189 5 83 112 124 141 153 209
4198 49 75 107 110 194 248
4226 7 55 58 95 184 204 213 221 237
4237 8 26 58 106 217
4243 8 26 58 108 217
4251 8 16 82 87 201
4268 8 18 82 119 198 222
4302 25 174 176 177 189 190 219
4349 14 82 157 184 245
4354 14 58 62 92 108 217
4358 14 92 106 210 223
4362 14 15 40 42 58 62 78 82 86 89 93 99 184 204 245
4370 15 18 40 44 54 82 99 119 120 126 143 153 180 205 248
4394 15 26 55 62 82 95 104 184 204 213
4396 15 40 42 82 86 124 141 184
4399 15 34 40 82 104
4407 15 40 42 161 175
4425 15 25 53 111 130
4451 15 55 95 184 204 213 239
4465 16 40 42 79 82
4467 16 25 34 40 42 63 79 82 89 161 182
4470 16 40 53 79 238
4480 16 34 40 44 99 181 204
4485 16 18 58 62 65 82 188 217 238 241
4501 17 90 116 151 180
4513 18 63 99 139 167 188
4517 18 40 44 161 182 204
4521 18 63 65 99 139 167 188 244
4529 18 67 82 119 151 182 222 237
4534 18 20 63 99 139 167 188
4535 18 66 82 100 167 220
4554 18 44 82 119 182
4559 18 63 75 139 244
4560 18 34 40 58 82 99 124 139 182 204 217
4580 18 63 65 99 125 139 167 182 188 217 221 237 247
4585 18 63 82 139 182 198 217 237 248
4586 18 63 139 188 198 221 237
4590 18 63 139 167 237
4598 18 141 148 198 220 248
4611 19 82 169 170 206 213 237 238 244
4636 20 40 63 65 96 139 167 188 217
4640 20 34 40 42 63 76 81 82 139 161 181 182 201 221
4645 20 42 79 114 198
4659 20 22 42 139 188
4676 20 82 89 236 237
4680 20 42 181 188 201
4690 20 66 89 125 236
4729 20 44 82 101 184 245
4738 20 63 82 139 198 244
4743 20 66 89 97 191
4756 41 141 153 209 240
4771 22 53 67 68 96 162 182 203 205 211 218 220
4867 58 66 77 89 97 125 236
4903 26 63 139 217 237
4936 22 53 130 169 220
4989 22 63 65 139 188 220 241
4994 22 35 68 100 182 211 241
5015 22 55 95 140 213
5048 15 18 34 40 42 63 81 82 84 99 130 139 182 204 217
5050 63 65 81 139 188
5051 13 40 55 62 63 82 84 93 95 99 184 204 213
5073 26 58 62 81 92 106 108 182 197 217
5076 26 58 92 106 108 217
5092 26 58 62 76 97 108 217 220
5101 26 58 92 108 217
5106 26 34 58 88 108 217 245
5109 26 34 51 55 58 63 65 76 81 82 97 111 139 188 217 237 241
5112 26 58 62 106 108 217
5113 26 58 62 157 182
5118 26 58 106 108 217
5145 27 77 83 104 138 163
5192 29 31 97 98 138
5204 29 31 68 206 220
5216 41 143 153 209 210
5219 66 109 116 141 148 156 180 190
5222 68 153 203 209 211
5235 31 41 52 66 97
5236 31 52 83 109 116 143 148 156 180
5243 31 66 68 89 125 138 206 226
5267 32 66 89 125 220
5269 32 44 143 153 203 209
5273 32 44 153 203 220
5275 41 44 112 131 141 143 153 162 203 209 211
5282 34 82 99 139 161 204
5283 34 40 82 161 179 181
5285 34 40 95 112 161 175 181
5292 34 40 42 85 86 204 245
5302 34 40 82 95 99 182 184 204 245
5308 34 82 84 204 213 217
5311 34 82 93 95 243
5322 34 82 84 86 112
5324 34 40 62 82 204 245
5328 34 40 99 139 182 184
5331 34 40 44 48 82 101
5332 34 40 84 86 99 182
5345 34 40 42 63 76 77 81 82 139 181 182 201
5351 34 40 62 78 82 84 86 93 99 167 204 245
5409 40 63 65 82 95 119 139 167 188 198 201 217 244
5438 89 116 125 180 184 215 236
5449 40 44 99 184 245
5455 59 148 174 180 189 190 248
5461 44 67 82 89 143 184 218 248
5520 40 42 99 167 204
5533 40 84 86 93 143
5546 40 42 62 79 89 99 181
5550 40 42 86 124 126 184 204
5559 40 42 63 167 188 247
5562 40 58 62 81 217
5568 40 44 62 82 101 114 143 205 209
5580 40 42 44 62 82 89 99 161 182
5603 40 42 82 121 184 204
5609 40 42 116 179 181 190
5631 40 42 99 139 188 217
5697 41 116 198 209 233
5717 41 97 143 153 162
5784 42 141 143 166 209
5798 42 55 82 95 204 213
5812 42 66 90 109 116 148 151 156 227 233
5837 63 76 81 97 139 220
5860 44 67 153 205 218 245
6081 44 48 141 143 153 209 215
6095 49 75 107 127 135
6112 52 66 68 88 98 138 241
6137 52 143 153 162 203 209 242
6165 31 53 63 66 111 212 220 241
6226 55 95 148 184 204 213 239
6229 55 63 65 139 188
6230 55 95 184 204 213
6241 55 95 184 204 213
6248 55 65 66 68 97
6257 55 95 110 213 218
6264 55 95 184 204 213
6290 55 95 176 204 213
6296 55 95 177 204 213
6326 59 116 151 174 189 190
6355 58 82 92 108 157
6379 58 63 65 99 139 188 217 221
6382 58 82 92 108 217
6384 58 62 89 92 157
6389 58 92 106 108 217
6484 79 139 188 211 217
6516 62 82 85 86 124 126 182 204
6564 63 65 139 188 217
6569 63 112 139 172 227
6572 63 95 139 140 188 204 213
6577 63 97 139 188 217 221
6591 63 66 116 139 172
6594 63 81 82 99 119 204
6629 63 139 188 217 221 245
6639 65 139 188 220 237
6704 66 82 89 125 236 248
6732 66 116 143 156 172 180 209 233 244
6827 67 91 95 141 203 248
7086 67 75 82 119 215 220
7252 75 142 182 192 248
7290 77 83 89 104 220
7315 79 141 203 208 209
7525 82 106 108 157 217 220
7836 82 151 181 182 189 190 245
8000 86 124 141 166 204
8344 97 98 133 153 209
8660 109 116 148 180 233 239
8738 112 172 180 220 240
8822 116 143 148 156 180 190 233
8865 116 141 143 153 156 180 203 209
9096 119 143 153 203 209 212
10849 174 176 189 190 239
