0 2 4 5 7 8 9 10 13 14 15 16 17 18 19 20 22 25 26 27 28 29 31 32 34 35 39 40 41 42 44 48 49 51 52 53 54 55 57 58 59 60 62 63 65 66 67 68 69 70 71 73 74 75 76 77 78 79 81 82 83 84 85 86 87 88 89 90 91 92 93 94 95 96 97 98 99 100 101 102 103 104 106 107 108 109 110 111 112 113 114 115 116 119 120 121 122 124 125 126 127 128 129 130 131 133 135 136 138 139 140 141 142 143 146 147 148 151 152 153 154 156 157 158 159 160 161 162 163 164 166 167 169 170 171 172 174 175 176 177 179 180 181 182 183 184 185 188 189 190 191 192 193 194 195 197 198 201 202 203 204 205 206 208 209 210 211 212 213 214 215 216 217 218 219 220 221 222 223 224 225 226 227 231 232 233 234 235 236 237 238 239 240 241 242 243 244 245 246 247 248
2 0 5 22 41 44 53 66 67 82 83 88 111 153 154 162 172 185 205 209 211 212 218 220 222 241 243 245
4 0 154 191 234 235
5 0 2 40 41 42 44 54 67 82 89 112 119 125 141 143 153 162 172 180 198 203 209 236 242
7 0 31 52 66 68 88 97 98 111 241
8 0 66
9 0 10
10 0 9
13 0 95 237
14 0 82 89
15 0 22 42 68 86 104 111 124 138 184 241
16 0 40 66
17 0 220
18 0 63 176 177 188 244
19 0 97 133 135 138
20 0 89 125 188 236
22 0 2 15 66 83 97 111 162 183 212 220 241 247
25 0 40
26 0 58 217
27 0 41 122 163 242
28 0 192 193
29 0 31 94 98 138 206 238 241 242
31 0 7 29 52 66 68 82 88 89 94 97 98 111 124 138 139 172 202 212 220 221 226 238 242
32 0 112 220
34 0 40 62 66 82 84 93 181 182 204
35 0
39 0
40 0 5 16 25 34 42 62 66 79 82 89 97 99 151 161 182 204
41 0 2 5 27 97 98 153 154 163 172 203 212 220
42 0 5 15 40 79 82 89 99 139 204
44 0 2 5 82 143 153 182 203 209 220
48 0
49 0 107 133 135
51 0 65 81 133 135 139 192
52 0 7 31 66 83 88 97 98 111 138 172 241
53 0 2 82 97 111 124 130 212 217 220 241
54 0 5 143
55 0 82 95 135 184 188 190 204 213
57 0
58 0 26 62 63 81 92 97 106 108 217 221
59 0 151 190
60 0 66 188 198
62 0 34 40 58 92 95 99 126 182 204
63 0 18 58 65 99 139 182 188 217 221
65 0 51 63 81 96 139 188 217
66 0 2 7 8 16 22 31 34 40 52 60 68 79 85 88 89 97 98 100 104 109 116 138 148 156 172 181 212 226 233 236 241 242
67 0 2 5 205 220
68 0 7 15 31 66 82 97 98 100 111 114 138 143 211 212 221 222 237 241 244
69 0
70 0 82 245
71 0 73
73 0 71 111 136
74 0
75 0 107 127 133 135
76 0 97 220
77 0 141 148 156 203
78 0 86 138
79 0 40 42 66
81 0 51 58 65 139
82 0 2 5 14 31 34 40 42 44 53 55 68 70 93 99 119 124 130 151 182 188 204 217 220 222 245
83 0 2 22 52
84 0 34 86 112
85 0 66 124 138
86 0 15 78 84 124
87 0 119
88 0 2 7 31 52 66 97 98 138 172 220 243
89 0 5 14 20 31 40 42 66 97 125 135 138 236 245
90 0 116
91 0
92 0 58 62 106 108 157
93 0 34 82 99 127
94 0 29 31 97 138
95 0 13 55 62 99 182 204 213
96 0 65 124 127 220
97 0 7 19 22 31 40 41 52 53 58 66 68 76 88 89 94 98 100 104 106 111 124 130 133 135 138 169 170 205 210 211 212 217 221 241 247
98 0 7 29 31 41 52 66 68 88 97 133 135 138 153 172 211
99 0 40 42 62 63 82 93 95 139 167 188 204
100 0 66 68 97 111 212 220 241
101 0 182 184 220
102 0
103 0
104 0 15 66 97 111 138 220 241
106 0 58 92 97 108 197 217
107 0 49 75 127 133 135 194 232 248
108 0 58 92 106
109 0 66 116 148 156 233
110 0 142
111 0 2 7 15 22 31 52 53 68 73 97 100 104 124 130 159 169 205 211 212 220 221 226 241 247
112 0 5 32 84 153 162 203 211 212
113 0 124
114 0 68
115 0
116 0 66 90 109 121 135 138 140 141 143 148 151 156 172 180 181 190 209 210 220 227 233
119 0 5 82 87 222
120 0 220
121 0 116 141
122 0 27
124 0 15 31 53 82 85 86 96 97 111 113 158 182 184 204 220 238
125 0 5 20 89 153 203 236
126 0 62 182
127 0 75 93 96 107 215
128 0
129 0
130 0 53 82 97 111 204 205
131 0 220
133 0 19 49 51 75 97 98 107 135 138 195
135 0 19 49 51 55 75 89 97 98 107 116 133 138 194 195
136 0 73 239
138 0 15 19 29 31 52 66 68 78 85 88 89 94 97 98 104 116 133 135 156 172 197 220 221
139 0 31 42 51 63 65 81 99 167 188 217 237 241
140 0 116 151 184 239
141 0 5 77 116 121 143 148 153 156 203 209
142 0 110 195
143 0 5 44 54 68 116 141 148 153 166 203 209
146 0 147
147 0 146
148 0 66 77 109 116 141 143 156 180 190 209 233
151 0 40 59 82 116 140 189 246
152 0
153 0 2 5 41 44 98 112 125 141 143 162 209
154 0 2 4 41 163 220
156 0 66 77 109 116 138 141 148 180 203 233
157 0 92
158 0 124
159 0 111
160 0
161 0 40 204
162 0 2 5 22 112 153
163 0 27 41 154
164 0
166 0 143
167 0 99 139 188
169 0 97 111 170 220 241
170 0 97 169 220
171 0
172 0 2 5 31 41 52 66 88 98 116 138 198 240
174 0 189 190 220 239
175 0
176 0 18 177
177 0 18 176 190 239
179 0
180 0 5 116 148 156 203 212 220 233 240
181 0 34 66 116 189 190 210
182 0 34 40 44 62 63 82 95 101 124 126 202 204
183 0 22
184 0 15 55 101 124 140 204 239
185 0 2 220
188 0 18 20 55 60 63 65 82 99 139 167 213 221
189 0 151 174 181 190 210 239
190 0 55 59 116 148 174 177 181 189 210 239
191 0 4 234
192 0 28 51 193
193 0 28 192
194 0 107 135
195 0 133 135 142
197 0 106 138
198 0 5 60 172 220
201 0
202 0 31 182 212 220
203 0 5 41 44 77 112 125 141 143 156 180 209 211
204 0 34 40 42 55 62 82 95 99 124 130 161 182 184 213 245
205 0 2 67 97 111 130 220
206 0 29
208 0
209 0 2 5 44 116 141 143 148 153 203 211 220
210 0 97 116 181 189 190
211 0 2 68 97 98 111 112 203 209 212 241
212 0 2 22 31 41 53 66 68 97 100 111 112 180 202 211 220 241 242
213 0 55 95 188 204
214 0
215 0 127
216 0 220
217 0 26 53 58 63 65 82 97 106 139
218 0 2 220
219 0
220 0 2 17 22 31 32 41 44 53 67 76 82 88 96 100 101 104 111 116 120 124 131 138 154 169 170 174 180 185 198 202 205 209 212 216 218 222 236 241 243 247
221 0 31 58 63 68 97 111 138 188
222 0 2 68 82 119 220
223 0
224 0
225 0
226 0 31 66 111 241
227 0 116
231 0
232 0 107
233 0 66 109 116 148 156 180
234 0 4 191
235 0 4
236 0 5 20 66 89 125 220
237 0 13 68 139
238 0 29 31 124
239 0 136 140 174 177 184 189 190
240 0 172 180
241 0 2 7 15 22 29 52 53 66 68 97 100 104 111 139 169 211 212 220 226
242 0 5 27 29 31 66 212
243 0 2 88 220
244 0 18 68
245 0 2 70 82 89 204
246 0 151
247 0 22 97 111 220
248 0 107
